32003
8
-2

-1
1 0 0 0 0 0 0 0
-1
0 0 0 1 0 0 0 0
1
0 0 0 0 1 0 0 0
1
0 0 0 0 0 1 0 0
1
0 0 0 0 0 0 0 1
0

-2
2 0 0 0 0 0 0 0
2
1 0 0 1 0 0 0 0
2
0 0 1 0 1 0 0 0
2
0 1 0 0 0 1 0 0
-1
1 0 0 0 0 0 0 0
-1
0 0 0 0 0 0 0 0
0

3
3 0 0 0 0 0 0 0
-3
2 0 0 1 0 0 0 0
3
0 0 2 0 1 0 0 0
3
0 2 0 0 0 1 0 0
3
2 0 0 0 0 0 0 0
4
1 0 0 0 0 0 0 0
-1
0 0 0 1 0 0 0 0
0

6
3 0 0 0 0 0 0 0
-6
2 0 0 1 0 0 0 0
6
0 1 0 0 1 0 1 0
6
2 0 0 0 0 0 0 0
-3
1 0 0 1 0 0 0 0
4
1 0 0 0 0 0 0 0
-1
0 0 0 1 0 0 0 0
0

-12
4 0 0 0 0 0 0 0
12
3 0 0 1 0 0 0 0
12
0 2 0 0 1 0 1 0
-18
3 0 0 0 0 0 0 0
12
2 0 0 1 0 0 0 0
-14
2 0 0 0 0 0 0 0
8
1 0 0 1 0 0 0 0
-1
1 0 0 0 0 0 0 0
-1
0 0 0 0 0 0 0 0
0

-8
4 0 0 0 0 0 0 0
8
3 0 0 1 0 0 0 0
8
0 1 1 0 1 0 1 0
-12
3 0 0 0 0 0 0 0
4
2 0 0 1 0 0 0 0
-14
2 0 0 0 0 0 0 0
4
1 0 0 1 0 0 0 0
-3
1 0 0 0 0 0 0 0
-1
0 0 0 0 0 0 0 0
0

-4
4 0 0 0 0 0 0 0
4
3 0 0 1 0 0 0 0
4
0 0 3 0 1 0 0 0
4
0 3 0 0 0 1 0 0
-6
3 0 0 0 0 0 0 0
-10
2 0 0 0 0 0 0 0
4
1 0 0 1 0 0 0 0
-1
1 0 0 0 0 0 0 0
-1
0 0 0 0 0 0 0 0
0

24
4 0 0 0 0 0 0 0
-24
3 0 0 1 0 0 0 0
36
3 0 0 0 0 0 0 0
24
2 0 0 1 0 0 0 0
26
2 0 0 0 0 0 0 0
-8
1 0 0 1 0 0 0 0
7
1 0 0 0 0 0 0 0
1
0 0 0 0 0 0 0 0
0

0



