32003
4
-2

15
4 1 2 0
6
4 3 0 0
21
4 2 1 0
-144
2 1 0 0
-8
2 2 0 1
-28
2 1 1 1
-648
2 0 1 0
36
0 0 2 1
9
4 0 3 0
-120
0 0 0 0
0

30
4 3 1 0
-32
0 1 1 2
-720
2 1 1 0
-24
2 3 0 1
-432
2 2 0 0
576
0 1 0 1
-576
0 0 1 1
16
2 1 2 1
16
0 0 2 2
16
0 2 0 2
9
4 4 0 0
5184
0 0 0 0
39
4 2 2 0
18
4 1 3 0
-432
2 0 2 0
24
2 0 3 1
-16
2 2 1 1
-240
0 1 0 0
0

216
2 1 1 0
-162
2 0 2 0
-81
2 2 0 0
5184
0 0 0 0
1008
0 1 0 1
-1008
0 0 1 1
15
2 2 1 1
-15
2 3 0 1
-80
0 1 1 2
40
0 0 2 2
40
0 2 0 2
0

261
0 0 0 0
4
2 1 1 0
-3
2 0 2 0
-4
2 2 0 0
22
0 1 0 1
-22
0 0 1 1
0

0
