32003
10
-2

16
1 0 0 0 0 0 1 0 0 0
18
0 1 0 0 0 1 0 0 0 0
20
0 0 1 0 1 0 0 0 0 0
0

-80
0 0 0 1 0 0 0 0 0 0
180
0 0 0 0 0 0 0 0 1 0
855
0 0 0 0 0 0 0 0 0 1
0

7
1 0 0 0 0 1 0 0 0 0
8
0 1 0 0 1 0 0 0 0 0
0

1
0 0 0 0 0 0 0 0 0 1
-1
0 0 0 0 0 0 0 0 0 0
0

40
1 0 0 0 0 0 0 0 1 0
44
0 1 0 0 0 0 0 1 0 0
48
0 0 1 0 0 0 1 0 0 0
52
0 0 0 1 0 1 0 0 0 0
280
0 0 0 0 1 0 0 0 0 0
0

27
1 0 0 0 0 0 0 1 0 0
30
0 1 0 0 0 0 1 0 0 0
33
0 0 1 0 0 1 0 0 0 0
36
0 0 0 1 1 0 0 0 0 0
0

55
1 0 0 0 0 0 0 0 0 1
60
0 1 0 0 0 0 0 0 1 0
65
0 0 1 0 0 0 0 1 0 0
70
0 0 0 1 0 0 1 0 0 0
80
0 0 0 0 1 0 0 0 0 0
375
0 0 0 0 0 1 0 0 0 0
0

78
0 1 0 0 0 0 0 0 0 1
84
0 0 1 0 0 0 0 0 1 0
90
0 0 0 1 0 0 0 1 0 0
-170
1 0 0 0 0 0 0 0 0 0
102
0 0 0 0 0 1 0 0 0 0
480
0 0 0 0 0 0 1 0 0 0
0

136
0 0 0 1 0 0 0 0 0 1
-114
0 0 1 0 0 0 0 0 0 0
152
0 0 0 0 0 0 0 1 0 0
720
0 0 0 0 0 0 0 0 1 0
0

105
0 0 1 0 0 0 0 0 0 1
112
0 0 0 1 0 0 0 0 1 0
-144
0 1 0 0 0 0 0 0 0 0
126
0 0 0 0 0 0 1 0 0 0
595
0 0 0 0 0 0 0 1 0 0
0

0
